1 3 5 4 2 0 7 8 6
1 3 5 4 0 2 7 8 6
1 0 5 4 2 3 7 8 6
1 3 0 4 5 2 7 8 6
1 3 5 0 2 6 7 8 4
1 3 0 5 2 6 7 8 4
1 3 5 4 0 2 7 8 6
1 3 5 0 4 2 7 8 6
1 3 5 4 2 6 7 8 0
1 3 5 4 8 2 7 0 6
1 3 5 4 2 0 7 8 6
1 3 5 4 2 6 7 0 8
1 3 5 4 2 0 7 8 6
1 0 5 4 3 2 7 8 6
1 3 5 4 2 0 7 8 6
1 3 5 0 4 2 7 8 6
1 3 5 4 2 0 7 8 6
1 3 5 4 8 2 7 0 6
1 3 5 4 2 0 7 8 6
1 0 3 4 2 5 7 8 6
1 3 5 4 2 0 7 8 6
1 3 5 4 2 6 0 7 8
1 3 5 4 2 0 7 8 6
1 3 5 4 0 6 7 2 8
1 3 5 4 2 0 7 8 6
0 1 5 4 3 2 7 8 6
1 3 5 4 2 0 7 8 6
1 5 0 4 3 2 7 8 6
1 3 5 4 2 0 7 8 6
1 2 3 4 0 5 7 8 6
1 3 5 4 2 0 7 8 6
1 3 5 0 2 6 4 7 8
1 3 5 4 2 0 7 8 6
1 3 5 0 4 6 7 2 8
1 3 5 4 2 0 7 8 6
1 5 2 0 4 3 7 8 6
1 3 5 4 2 0 7 8 6
3 0 5 1 4 2 7 8 6
1 3 5 4 2 0 7 8 6
1 2 3 4 8 5 7 0 6